owner,repo,filename,path
RahmanTeam,DECoN,NAMESPACE,Windows/packrat/lib-R/utils/NAMESPACE
RahmanTeam,DECoN,NAMESPACE,Windows/packrat/lib-R/tools/NAMESPACE
RahmanTeam,DECoN,NAMESPACE,Windows/packrat/lib-R/tcltk/NAMESPACE
RahmanTeam,DECoN,NAMESPACE,Windows/packrat/lib-R/stats4/NAMESPACE
RahmanTeam,DECoN,NAMESPACE,Windows/packrat/lib-R/spatial/NAMESPACE
RahmanTeam,DECoN,NAMESPACE,Windows/packrat/lib-R/splines/NAMESPACE
RahmanTeam,DECoN,NAMESPACE,Windows/packrat/lib-R/survival/NAMESPACE
RahmanTeam,DECoN,NAMESPACE,Windows/packrat/lib-R/stats/NAMESPACE
RahmanTeam,DECoN,NAMESPACE,Windows/packrat/lib-R/methods/NAMESPACE
RahmanTeam,DECoN,NAMESPACE,Windows/packrat/lib-R/rpart/NAMESPACE
RahmanTeam,DECoN,NAMESPACE,Windows/packrat/lib-R/parallel/NAMESPACE
RahmanTeam,DECoN,NAMESPACE,Windows/packrat/lib-R/nnet/NAMESPACE
RahmanTeam,DECoN,NAMESPACE,Windows/packrat/lib-R/nlme/NAMESPACE
RahmanTeam,DECoN,NAMESPACE,Windows/packrat/lib-R/mgcv/NAMESPACE
RahmanTeam,DECoN,NAMESPACE,Windows/packrat/lib-R/lattice/NAMESPACE
RahmanTeam,DECoN,NAMESPACE,Windows/packrat/lib-R/compiler/NAMESPACE
RahmanTeam,DECoN,NAMESPACE,Windows/packrat/lib-R/datasets/NAMESPACE
RahmanTeam,DECoN,NAMESPACE,Windows/packrat/lib-R/foreign/NAMESPACE
RahmanTeam,DECoN,NAMESPACE,Windows/packrat/lib-R/grDevices/NAMESPACE
RahmanTeam,DECoN,NAMESPACE,Windows/packrat/lib-R/graphics/NAMESPACE
RahmanTeam,DECoN,NAMESPACE,Windows/packrat/lib-R/grid/NAMESPACE
RahmanTeam,DECoN,NAMESPACE,Windows/packrat/lib-R/codetools/NAMESPACE
RahmanTeam,DECoN,NAMESPACE,Windows/packrat/lib-R/class/NAMESPACE
RahmanTeam,DECoN,NAMESPACE,Windows/packrat/lib-R/boot/NAMESPACE
RahmanTeam,DECoN,NAMESPACE,Windows/packrat/lib-R/cluster/NAMESPACE
RahmanTeam,DECoN,NAMESPACE,Windows/packrat/lib-R/Matrix/NAMESPACE
RahmanTeam,DECoN,NAMESPACE,Windows/packrat/lib-R/MASS/NAMESPACE
RahmanTeam,DECoN,NAMESPACE,Linux/packrat/packrat_source/packrat/NAMESPACE
RahmanTeam,DECoN,NAMESPACE,Windows/packrat/lib-R/KernSmooth/NAMESPACE
